pars <- c(
K14=0.14854,K16=21.98,K13=0.040718,K11=1.56e-09,K18=0.93866,K48=1,K29=0.5,K15=1,K42=1,K34=1,K40=0.15,K31=0.5,K27=4e-05,K24=7.9299e-05,K47=1,K26=0.3283,K25=0.0316,K28=0.0116,K288=0,K45=1,K37=0.04,K32=0.5,K322=0.5,K3222=0,unnamed=1,K49=1,K53=1,K57=1,K59=1,K245=0,K400=1E-15,K401=0.002,K500=1E-15,K501=0.001,K555=1E-5,K556=1E-5,KpC=1,Kp14=0.00001,Kp41=0.00001,K1314=0,Km=0,F_intracellular=1,Kc=0,Kcell=0,Knew=0,CL_percell=0,F_extracellular=0,V_percell=0,V1=6697,Kn1=0.64,Krenew=1E-5,timeout=30,starttime=0)