pars <- c(
K14=0.14854,K16=21.98,K13=0.040718,K11=1.56e-09,K18=0.93866,K48=1,K29=0.5,K15=1,K42=1,K34=1,K40=0.01,K31=0.5,K27=4e-05,K24=7.9299e-05,K47=1,K26=0.3283,K25=0.0316,K28=0.0116,K288=0,K45=1,K37=0.04,K32=0.5,K322=0.5,K3222=0,unnamed=1,K49=1,K53=1,K57=1,K59=1,K245=0,timeout=30,starttime=0)